
First parent matrix
IH:
	-0.2304467576982096, -0.9972716320474557, -0.6604909762272126, 
	0.2998154488224161, 0.2998154488224161, 0.2998154488224161, 
	0.0622072515416537, 0.0622072515416537, 0.0622072515416537, 
	0.2895117388866151, 0.8715186789339375, -0.7557723565507697, 
	0.3202065022038735, 0.3202065022038735, 0.3202065022038735, 
	-0.5188682213997913, -0.5188682213997913, -0.5188682213997913, 
	0.3004931666057217, -0.05293023017953402, -0.08450312015839367, 
	0.05438914350842647, 0.05438914350842647, 0.050383183304129275, 
HO:
	-0.24555975686381878, -0.24555975686381878, -0.36441242571546884, 0.16427824797739676, -0.24555975686381878, 0.9707762374720881, 0.5168931618603483, -0.24555975686381878, 
	0.2138243316632984, 0.2138243316632984, 0.2138243316632984, 0.2138243316632984, 0.2138243316632984, -0.39158533138903184, 0.2138243316632984, 0.2138243316632984, 
Second parent matrix
IH:
	-0.5257558148838979, 0.8961374058951512, -0.09310633494951492, 
	-0.6898435046214209, 0.47484777810228973, 0.5310450424949482, 
	-0.26553031686622575, 0.1694302636532261, -0.7408268651922976, 
	0.24664072233565326, 0.2184958805247943, -0.27550593684107527, 
	0.6410162647049074, -0.4389622720165054, -0.8469463528170098, 
	-0.8865188707061402, -0.7013585016533845, -0.2696093416232874, 
	-0.19381305905135005, 0.5644254558259267, -0.37817195003143445, 
	0.8240002234217232, -0.051135331781780646, -0.43241742936355676, 
HO:
	0.5355613132694983, 0.8018260994347863, -0.9106239887195748, 0.8285856320216904, -0.8645348696402491, -0.057094358011632984, 0.5635849156293431, 0.7526100434168366, 
	0.67681622397492, 0.9031001975990534, -0.7243628441896299, -0.83985644142694, -0.329752829867362, -0.500366808588645, 0.5572900003030616, -0.08671962073778383, 
First crossed child matrix
IH:
	-0.3190394748539161, -0.3190394748539161, -0.3190394748539161, 
	-0.42924892066467357, -0.42924892066467357, -0.42924892066467357, 
	-0.4902755838439033, -0.4902755838439033, -0.4902755838439033, 
	0.002917762789265005, 0.002917762789265005, 0.002917762789265005, 
	0.35232514760637823, 0.35232514760637823, 0.35232514760637823, 
	0.3691843269241758, 0.3691843269241758, 0.3691843269241758, 
	-0.03611401898071015, -0.03611401898071015, -0.03611401898071015, 
	0.09437415517512543, 0.09437415517512543, 0.09437415517512543, 
HO:
	-0.011223435823823624, -0.011223435823823624, -0.011223435823823624, -0.011223435823823624, -0.011223435823823624, -0.011223435823823624, -0.011223435823823624, -0.011223435823823624, 
	0.0686560000257628, 0.0686560000257628, 0.0686560000257628, 0.0686560000257628, 0.0686560000257628, 0.0686560000257628, 0.0686560000257628, 0.0686560000257628, 
Second crossed child matrix
IH:
	-0.4371630977281914, -0.4371630977281914, -0.4371630977281914, 
	0.3281146945123691, 0.3281146945123691, 0.3281146945123691, 
	-0.2633217273328243, -0.2633217273328243, -0.2633217273328243, 
	-0.3929458185882697, -0.3929458185882697, -0.3929458185882697, 
	0.4223380793183277, 0.4223380793183277, 0.4223380793183277, 
	0.4616761643931886, 0.4616761643931886, 0.4616761643931886, 
	-0.1672090463438619, -0.1672090463438619, -0.1672090463438619, 
	0.13726336001975437, 0.13726336001975437, 0.13726336001975437, 
HO:
	0.3012249922295031, 0.3012249922295031, 0.3012249922295031, 0.3012249922295031, 0.3012249922295031, 0.3012249922295031, 0.3012249922295031, 0.3012249922295031, 
	0.4876103425452047, 0.4876103425452047, 0.4876103425452047, 0.4876103425452047, 0.4876103425452047, 0.4876103425452047, 0.4876103425452047, 0.4876103425452047,